[gd_scene load_steps=2 format=3 uid="uid://cfsqrq5n00hs3"]

[sub_resource type="Environment" id="Environment_qyvd4"]
background_mode = 2
background_color = Color(0.647059, 0.909804, 0.917647, 1)
ssao_enabled = true
sdfgi_enabled = true
adjustment_enabled = true
adjustment_saturation = 1.15

[node name="Scene" type="Node3D"]
transform = Transform3D(1, 0, 0, 0, 1, 0, 0, 0, 1, -0.0815773, -1.43051e-06, 0.163605)

[node name="DirectionalLight3D" type="DirectionalLight3D" parent="."]
transform = Transform3D(-0.892271, -0.274443, 0.358516, 2.02684e-08, 0.794054, 0.607847, -0.451501, 0.542364, -0.708511, 0, 2.76815, 9.26053)
shadow_enabled = true

[node name="WorldEnvironment" type="WorldEnvironment" parent="."]
environment = SubResource("Environment_qyvd4")

[node name="Level" type="Node3D" parent="."]

[node name="FloorAlt" type="CSGBox3D" parent="Level"]
transform = Transform3D(1, 0, 0, 0, 1, 0, 0, 0, 1, 0, 0.14287, 0)
size = Vector3(48.5, 0.1, 48.5)

[node name="Floor" type="CSGBox3D" parent="Level"]
transform = Transform3D(1, 0, 0, 0, 1, 0, 0, 0, 1, 0, 0.14482, 0)
use_collision = true
size = Vector3(47.5872, 0.1, 47.791)

[node name="CSGBox3D2" type="CSGBox3D" parent="Level"]
transform = Transform3D(0.833182, 0, 0.552999, 0, 1, 0, -0.552999, 0, 0.833182, 16.5416, 3.19482, -15.014)
use_collision = true
size = Vector3(4, 6, 8)

[node name="CSGBox3D6" type="CSGBox3D" parent="Level"]
transform = Transform3D(-0.318513, 0, 0.947919, 0, 1, 0, -0.947919, 0, -0.318513, 0.541599, 13.1948, 3.986)
use_collision = true
size = Vector3(4, 6, 8)

[node name="CSGBox3D3" type="CSGBox3D" parent="Level"]
transform = Transform3D(1, 0, 0, 0, 1, 0, 0, 0, 1, -9, 2.19482, -6.9983)
use_collision = true
size = Vector3(6, 8, 6)

[node name="CSGBox3D4" type="CSGBox3D" parent="Level"]
transform = Transform3D(1, 0, 0, 0, 1, 0, 0, 0, 1, -4, 2.19482, -6.9983)
use_collision = true
size = Vector3(4, 4, 6)

[node name="CSGBox3D5" type="CSGBox3D" parent="Level"]
transform = Transform3D(1, 0, 0, 0, 1, 0, 0, 0, 1, -4, 1.19482, -10.9983)
use_collision = true
size = Vector3(4, 2, 2)

[node name="Node3D" type="Node3D" parent="Level"]
transform = Transform3D(0.707107, 0, 0.707107, 0, 1, 0, -0.707107, 0, 0.707107, -17.521, 4.76836e-07, -18.7606)

[node name="CSGBox3D4" type="CSGBox3D" parent="Level/Node3D"]
transform = Transform3D(1, 0, 0, 0, 1, 0, 0, 0, 1, -0.233154, 0.69482, -0.0343475)
use_collision = true
size = Vector3(8, 1, 1)

[node name="CSGBox3D5" type="CSGBox3D" parent="Level/Node3D"]
transform = Transform3D(1, 0, 0, 0, 1, 0, 0, 0, 1, 1.76685, 1.69482, -0.0343475)
use_collision = true
size = Vector3(4, 1, 1)

[node name="CSGBox3D6" type="CSGBox3D" parent="Level/Node3D"]
transform = Transform3D(1, 0, 0, 0, 1, 0, 0, 0, 1, 1.76685, 2.69482, -0.0343475)
use_collision = true

[node name="CSGBox3D" type="CSGBox3D" parent="Level"]
transform = Transform3D(1, 0, 0, 0, 1, 0, 0, 0, 1, 0, 5.19482, 4)
use_collision = true
size = Vector3(24, 10, 16)

[node name="CSGBox3D5" type="CSGBox3D" parent="Level/CSGBox3D"]
transform = Transform3D(1, 0, 0, 0, 1, 0, 0, 0, 1, 6, -3, -7)
operation = 2
size = Vector3(4, 6, 2)

[node name="CSGBox3D6" type="CSGBox3D" parent="Level/CSGBox3D"]
transform = Transform3D(-8.9407e-08, 0, 1, 0, 1, 0, -1, 0, -8.9407e-08, 11, -3, 0)
operation = 2
size = Vector3(12, 6, 2)

[node name="CSGBox3D7" type="CSGBox3D" parent="Level/CSGBox3D"]
transform = Transform3D(1, 0, 0, 0, 1, 0, 0, 0, 1, 0, -1, 0)
operation = 2
size = Vector3(22, 10, 14)

[node name="PlayerTemplate" parent="."]
_import_path = NodePath("")
unique_name_in_owner = false
process_mode = 0
process_priority = 0
process_physics_priority = 0
process_thread_group = 0
physics_interpolation_mode = 0
auto_translate_mode = 0
editor_description = ""
transform = Transform3D(1, 0, 0, 0, 1, 0, 0, 0, 1, 0, 0, -19.8399)
script = null
